%YAML:1.0
---
camera_matrix: !!opencv-matrix
   rows: 3
   cols: 3
   dt: d
   data: [ 2.4520259799999999e+03, 0., 7.17352891e+02, 0.,
       2.4618638900000001e+03, 5.01469986e+02, 0., 0., 1. ]
distortion_coefficients: !!opencv-matrix
   rows: 1
   cols: 5
   dt: d
   data: [ 3.5078869999999998e-02, -6.1034706000000005e-01,
       -2.4779770000000000e-02, -1.0115160000000000e-02,
       2.3848600200000001e+00 ]
